Variables at t=0, 0.000667, 0.004000, 1.000000, 0.000000
Parameters, 0.010000, 0.070000, 0.030000, 0.030000, 0.010000, 100.000000, 0.000500, 0.000030, 1.000000, 0.005000
0.000667, 0.004000, 1.000000, 0.000000
0.000640, 0.003840, 0.997000, 0.000075
0.000618, 0.003707, 0.997120, 0.000139
0.000599, 0.003597, 0.997219, 0.000195
0.000584, 0.003506, 0.997302, 0.000242
0.000572, 0.003433, 0.997370, 0.000284
0.000562, 0.003373, 0.997425, 0.000320
0.000554, 0.003326, 0.997470, 0.000351
0.000548, 0.003289, 0.997505, 0.000378
0.000544, 0.003261, 0.997533, 0.000402
0.000540, 0.003241, 0.997554, 0.000422
0.000538, 0.003227, 0.997569, 0.000441
0.000536, 0.003219, 0.997580, 0.000457
0.000536, 0.003216, 0.997586, 0.000472
0.000536, 0.003216, 0.997588, 0.000485
0.000537, 0.003220, 0.997588, 0.000496
0.000538, 0.003228, 0.997585, 0.000507
0.000540, 0.003238, 0.997579, 0.000517
0.000542, 0.003250, 0.997572, 0.000525
0.000544, 0.003264, 0.997563, 0.000534
0.000547, 0.003280, 0.997552, 0.000541
0.000550, 0.003297, 0.997540, 0.000549
0.000553, 0.003316, 0.997527, 0.000555
0.000556, 0.003335, 0.997513, 0.000562
0.000559, 0.003356, 0.997498, 0.000568
0.000563, 0.003378, 0.997483, 0.000574
0.000567, 0.003400, 0.997467, 0.000580
0.000571, 0.003423, 0.997450, 0.000585
0.000574, 0.003447, 0.997433, 0.000591
0.000578, 0.003471, 0.997415, 0.000596
0.000583, 0.003496, 0.997397, 0.000602
0.000587, 0.003521, 0.997378, 0.000607
0.000591, 0.003546, 0.997359, 0.000612
0.000595, 0.003572, 0.997340, 0.000617
0.000600, 0.003599, 0.997321, 0.000622
0.000604, 0.003625, 0.997301, 0.000627
0.000609, 0.003652, 0.997281, 0.000632
0.000613, 0.003680, 0.997261, 0.000637
0.000618, 0.003707, 0.997240, 0.000642
0.000623, 0.003735, 0.997219, 0.000648
0.000627, 0.003764, 0.997199, 0.000653
0.000632, 0.003792, 0.997177, 0.000658
0.000637, 0.003821, 0.997156, 0.000663
0.000642, 0.003850, 0.997135, 0.000668
0.000646, 0.003879, 0.997113, 0.000673
0.000651, 0.003908, 0.997091, 0.000678
0.000656, 0.003938, 0.997069, 0.000684
0.000661, 0.003968, 0.997046, 0.000689
0.000666, 0.003998, 0.997024, 0.000694
0.000671, 0.004029, 0.997001, 0.000699
0.000677, 0.004060, 0.996978, 0.000705
0.000682, 0.004090, 0.996955, 0.000710
0.000687, 0.004122, 0.996932, 0.000716
0.000692, 0.004153, 0.996909, 0.000721
0.000697, 0.004185, 0.996885, 0.000727
0.000703, 0.004217, 0.996861, 0.000732
0.000708, 0.004249, 0.996838, 0.000738
0.000714, 0.004281, 0.996813, 0.000743
0.000719, 0.004314, 0.996789, 0.000749
0.000724, 0.004347, 0.996765, 0.000755
0.000730, 0.004380, 0.996740, 0.000761
0.000736, 0.004414, 0.996715, 0.000766
0.000741, 0.004447, 0.996690, 0.000772
0.000747, 0.004481, 0.996665, 0.000778
0.000753, 0.004515, 0.996639, 0.000784
0.000758, 0.004550, 0.996614, 0.000790
0.000764, 0.004584, 0.996588, 0.000796
0.000770, 0.004619, 0.996562, 0.000802
0.000776, 0.004655, 0.996536, 0.000808
0.000782, 0.004690, 0.996509, 0.000814
0.000788, 0.004726, 0.996482, 0.000821
0.000794, 0.004762, 0.996456, 0.000827
0.000800, 0.004798, 0.996429, 0.000833
0.000806, 0.004835, 0.996401, 0.000839
0.000812, 0.004872, 0.996374, 0.000846
0.000818, 0.004909, 0.996346, 0.000852
0.000824, 0.004946, 0.996319, 0.000859
0.000831, 0.004984, 0.996290, 0.000865
0.000837, 0.005022, 0.996262, 0.000872
0.000843, 0.005060, 0.996234, 0.000878
0.000850, 0.005099, 0.996205, 0.000885
0.000856, 0.005137, 0.996176, 0.000892
0.000863, 0.005177, 0.996147, 0.000899
0.000869, 0.005216, 0.996118, 0.000905
0.000876, 0.005256, 0.996088, 0.000912
0.000883, 0.005296, 0.996058, 0.000919
0.000889, 0.005336, 0.996028, 0.000926
0.000896, 0.005377, 0.995998, 0.000933
0.000903, 0.005418, 0.995968, 0.000940
0.000910, 0.005459, 0.995937, 0.000947
0.000917, 0.005500, 0.995906, 0.000955
0.000924, 0.005542, 0.995875, 0.000962
0.000931, 0.005584, 0.995844, 0.000969
0.000938, 0.005627, 0.995812, 0.000977
0.000945, 0.005670, 0.995780, 0.000984
0.000952, 0.005713, 0.995748, 0.000991
0.000959, 0.005756, 0.995716, 0.000999
0.000967, 0.005800, 0.995683, 0.001007
0.000974, 0.005844, 0.995650, 0.001014
0.000981, 0.005888, 0.995617, 0.001022
0.000989, 0.005933, 0.995584, 0.001030
0.000996, 0.005978, 0.995550, 0.001037
0.001004, 0.006024, 0.995517, 0.001045
0.001012, 0.006069, 0.995483, 0.001053
0.001019, 0.006115, 0.995448, 0.001061
0.001027, 0.006162, 0.995414, 0.001069
0.001035, 0.006209, 0.995379, 0.001077
0.001043, 0.006256, 0.995344, 0.001085
0.001051, 0.006303, 0.995308, 0.001094
0.001058, 0.006351, 0.995273, 0.001102
0.001067, 0.006399, 0.995237, 0.001110
0.001075, 0.006448, 0.995201, 0.001119
0.001083, 0.006497, 0.995164, 0.001127
0.001091, 0.006546, 0.995128, 0.001136
0.001099, 0.006596, 0.995091, 0.001144
0.001108, 0.006646, 0.995054, 0.001153
0.001116, 0.006696, 0.995016, 0.001161
0.001124, 0.006747, 0.994978, 0.001170
0.001133, 0.006798, 0.994940, 0.001179
0.001142, 0.006849, 0.994902, 0.001188
0.001150, 0.006901, 0.994863, 0.001197
0.001159, 0.006953, 0.994824, 0.001206
0.001168, 0.007006, 0.994785, 0.001215
0.001177, 0.007059, 0.994746, 0.001224
0.001185, 0.007113, 0.994706, 0.001234
0.001194, 0.007166, 0.994666, 0.001243
0.001203, 0.007221, 0.994625, 0.001252
0.001213, 0.007275, 0.994585, 0.001262
0.001222, 0.007330, 0.994544, 0.001271
0.001231, 0.007386, 0.994503, 0.001281
0.001240, 0.007442, 0.994461, 0.001290
0.001250, 0.007498, 0.994419, 0.001300
0.001259, 0.007555, 0.994377, 0.001310
0.001269, 0.007612, 0.994334, 0.001320
0.001278, 0.007669, 0.994292, 0.001330
0.001288, 0.007727, 0.994248, 0.001340
0.001298, 0.007785, 0.994205, 0.001350
0.001307, 0.007844, 0.994161, 0.001360
0.001317, 0.007903, 0.994117, 0.001370
0.001327, 0.007963, 0.994073, 0.001380
0.001337, 0.008023, 0.994028, 0.001391
0.001347, 0.008084, 0.993983, 0.001401
0.001357, 0.008145, 0.993937, 0.001412
0.001368, 0.008206, 0.993892, 0.001422
0.001378, 0.008268, 0.993846, 0.001433
0.001388, 0.008331, 0.993799, 0.001444
0.001399, 0.008393, 0.993752, 0.001455
0.001409, 0.008457, 0.993705, 0.001466
0.001420, 0.008520, 0.993658, 0.001477
0.001431, 0.008585, 0.993610, 0.001488
0.001442, 0.008649, 0.993562, 0.001499
0.001452, 0.008714, 0.993513, 0.001510
0.001463, 0.008780, 0.993465, 0.001521
0.001474, 0.008846, 0.993415, 0.001533
0.001485, 0.008913, 0.993366, 0.001544
0.001497, 0.008980, 0.993316, 0.001556
0.001508, 0.009047, 0.993265, 0.001568
0.001519, 0.009115, 0.993215, 0.001579
0.001531, 0.009184, 0.993164, 0.001591
0.001542, 0.009253, 0.993112, 0.001603
0.001554, 0.009323, 0.993061, 0.001615
0.001565, 0.009393, 0.993008, 0.001627
0.001577, 0.009463, 0.992956, 0.001639
0.001589, 0.009534, 0.992903, 0.001652
0.001601, 0.009606, 0.992850, 0.001664
0.001613, 0.009678, 0.992796, 0.001676
0.001625, 0.009751, 0.992742, 0.001689
0.001637, 0.009824, 0.992687, 0.001701
0.001650, 0.009898, 0.992632, 0.001714
0.001662, 0.009972, 0.992577, 0.001727
0.001674, 0.010047, 0.992521, 0.001740
0.001687, 0.010122, 0.992465, 0.001753
0.001700, 0.010198, 0.992409, 0.001766
0.001712, 0.010274, 0.992352, 0.001779
0.001725, 0.010351, 0.992295, 0.001792
0.001738, 0.010429, 0.992237, 0.001806
0.001751, 0.010507, 0.992179, 0.001819
0.001764, 0.010586, 0.992120, 0.001833
0.001778, 0.010665, 0.992061, 0.001846
0.001791, 0.010745, 0.992002, 0.001860
0.001804, 0.010825, 0.991942, 0.001874
0.001818, 0.010906, 0.991881, 0.001888
0.001831, 0.010988, 0.991821, 0.001902
0.001845, 0.011070, 0.991760, 0.001916
0.001859, 0.011153, 0.991698, 0.001930
0.001873, 0.011236, 0.991636, 0.001945
0.001887, 0.011320, 0.991573, 0.001959
0.001901, 0.011405, 0.991510, 0.001974
0.001915, 0.011490, 0.991447, 0.001988
0.001929, 0.011576, 0.991383, 0.002003
0.001944, 0.011662, 0.991319, 0.002018
0.001958, 0.011749, 0.991254, 0.002033
0.001973, 0.011837, 0.991189, 0.002048
0.001987, 0.011925, 0.991123, 0.002063
0.002002, 0.012014, 0.991057, 0.002078
0.002017, 0.012103, 0.990990, 0.002094
0.002032, 0.012194, 0.990923, 0.002109
0.002047, 0.012284, 0.990855, 0.002125
0.002063, 0.012376, 0.990787, 0.002141
0.002078, 0.012468, 0.990719, 0.002157
0.002093, 0.012561, 0.990650, 0.002173
0.002109, 0.012654, 0.990580, 0.002189
0.002125, 0.012748, 0.990510, 0.002205
0.002141, 0.012843, 0.990439, 0.002221
0.002156, 0.012939, 0.990368, 0.002237
0.002172, 0.013035, 0.990297, 0.002254
0.002189, 0.013132, 0.990225, 0.002271
0.002205, 0.013229, 0.990152, 0.002287
0.002221, 0.013327, 0.990079, 0.002304
0.002238, 0.013426, 0.990005, 0.002321
0.002254, 0.013526, 0.989931, 0.002338
0.002271, 0.013626, 0.989856, 0.002356
0.002288, 0.013727, 0.989781, 0.002373
0.002305, 0.013829, 0.989705, 0.002390
0.002322, 0.013932, 0.989629, 0.002408
0.002339, 0.014035, 0.989552, 0.002426
0.002356, 0.014139, 0.989475, 0.002443
0.002374, 0.014243, 0.989397, 0.002461
0.002391, 0.014349, 0.989318, 0.002480
0.002409, 0.014455, 0.989239, 0.002498
0.002427, 0.014562, 0.989160, 0.002516
0.002445, 0.014669, 0.989080, 0.002535
0.002463, 0.014778, 0.988999, 0.002553
0.002481, 0.014887, 0.988918, 0.002572
0.002499, 0.014997, 0.988836, 0.002591
0.002518, 0.015108, 0.988753, 0.002610
0.002537, 0.015219, 0.988670, 0.002629
0.002555, 0.015331, 0.988587, 0.002648
0.002574, 0.015445, 0.988502, 0.002667
0.002593, 0.015558, 0.988418, 0.002687
0.002612, 0.015673, 0.988332, 0.002707
0.002631, 0.015788, 0.988246, 0.002726
0.002651, 0.015905, 0.988160, 0.002746
0.002670, 0.016022, 0.988072, 0.002766
0.002690, 0.016140, 0.987985, 0.002787
0.002710, 0.016258, 0.987896, 0.002807
0.002730, 0.016378, 0.987807, 0.002827
0.002750, 0.016498, 0.987718, 0.002848
0.002770, 0.016620, 0.987627, 0.002869
0.002790, 0.016742, 0.987536, 0.002890
0.002811, 0.016865, 0.987445, 0.002911
0.002831, 0.016988, 0.987353, 0.002932
0.002852, 0.017113, 0.987260, 0.002953
0.002873, 0.017238, 0.987166, 0.002975
0.002894, 0.017365, 0.987072, 0.002996
0.002915, 0.017492, 0.986978, 0.003018
0.002937, 0.017620, 0.986882, 0.003040
0.002958, 0.017749, 0.986786, 0.003062
0.002980, 0.017879, 0.986689, 0.003084
0.003002, 0.018010, 0.986592, 0.003106
0.003024, 0.018141, 0.986494, 0.003129
0.003046, 0.018274, 0.986395, 0.003152
0.003068, 0.018407, 0.986296, 0.003174
0.003090, 0.018542, 0.986196, 0.003197
0.003113, 0.018677, 0.986095, 0.003221
0.003136, 0.018814, 0.985993, 0.003244
0.003158, 0.018951, 0.985891, 0.003267
0.003181, 0.019089, 0.985788, 0.003291
0.003205, 0.019228, 0.985685, 0.003315
0.003228, 0.019368, 0.985581, 0.003338
0.003251, 0.019509, 0.985476, 0.003363
0.003275, 0.019651, 0.985370, 0.003387
0.003299, 0.019794, 0.985263, 0.003411
0.003323, 0.019938, 0.985156, 0.003436
0.003347, 0.020083, 0.985048, 0.003460
0.003371, 0.020228, 0.984940, 0.003485
0.003396, 0.020375, 0.984830, 0.003510
0.003421, 0.020523, 0.984720, 0.003536
0.003445, 0.020672, 0.984609, 0.003561
0.003470, 0.020822, 0.984498, 0.003586
0.003495, 0.020973, 0.984386, 0.003612
0.003521, 0.021124, 0.984272, 0.003638
0.003546, 0.021277, 0.984159, 0.003664
0.003572, 0.021431, 0.984044, 0.003690
0.003598, 0.021586, 0.983928, 0.003717
0.003624, 0.021742, 0.983812, 0.003743
0.003650, 0.021899, 0.983695, 0.003770
0.003676, 0.022057, 0.983578, 0.003797
0.003703, 0.022216, 0.983459, 0.003824
0.003729, 0.022377, 0.983340, 0.003851
0.003756, 0.022538, 0.983220, 0.003879
0.003783, 0.022700, 0.983099, 0.003906
0.003811, 0.022864, 0.982977, 0.003934
0.003838, 0.023028, 0.982854, 0.003962
0.003866, 0.023194, 0.982731, 0.003990
0.003893, 0.023361, 0.982607, 0.004019
0.003921, 0.023528, 0.982482, 0.004047
0.003950, 0.023697, 0.982356, 0.004076
0.003978, 0.023867, 0.982229, 0.004105
0.004006, 0.024039, 0.982102, 0.004134
0.004035, 0.024211, 0.981973, 0.004163
0.004064, 0.024384, 0.981844, 0.004193
0.004093, 0.024559, 0.981714, 0.004222
0.004122, 0.024735, 0.981583, 0.004252
0.004152, 0.024912, 0.981451, 0.004282
0.004182, 0.025090, 0.981319, 0.004312
0.004211, 0.025269, 0.981185, 0.004343
0.004242, 0.025449, 0.981051, 0.004373
0.004272, 0.025631, 0.980916, 0.004404
0.004302, 0.025814, 0.980780, 0.004435
0.004333, 0.025998, 0.980642, 0.004466
0.004364, 0.026183, 0.980505, 0.004498
0.004395, 0.026369, 0.980366, 0.004529
0.004426, 0.026557, 0.980226, 0.004561
0.004458, 0.026745, 0.980085, 0.004593
0.004489, 0.026935, 0.979944, 0.004625
0.004521, 0.027127, 0.979801, 0.004658
0.004553, 0.027319, 0.979658, 0.004690
0.004585, 0.027513, 0.979514, 0.004723
0.004618, 0.027708, 0.979368, 0.004756
0.004651, 0.027904, 0.979222, 0.004789
0.004684, 0.028101, 0.979075, 0.004823
0.004717, 0.028300, 0.978927, 0.004856
0.004750, 0.028500, 0.978778, 0.004890
0.004784, 0.028701, 0.978628, 0.004924
0.004817, 0.028904, 0.978477, 0.004958
0.004851, 0.029108, 0.978325, 0.004993
0.004885, 0.029313, 0.978173, 0.005027
0.004920, 0.029519, 0.978019, 0.005062
0.004955, 0.029727, 0.977864, 0.005097
0.004989, 0.029936, 0.977708, 0.005133
0.005024, 0.030146, 0.977552, 0.005168
0.005060, 0.030358, 0.977394, 0.005204
0.005095, 0.030571, 0.977235, 0.005240
0.005131, 0.030786, 0.977075, 0.005276
0.005167, 0.031001, 0.976915, 0.005312
0.005203, 0.031218, 0.976753, 0.005349
0.005239, 0.031437, 0.976590, 0.005386
0.005276, 0.031657, 0.976426, 0.005423
0.005313, 0.031878, 0.976261, 0.005460
0.005350, 0.032100, 0.976096, 0.005498
0.005387, 0.032324, 0.975929, 0.005535
0.005425, 0.032550, 0.975761, 0.005573
0.005463, 0.032776, 0.975592, 0.005612
0.005501, 0.033004, 0.975422, 0.005650
0.005539, 0.033234, 0.975251, 0.005689
0.005577, 0.033465, 0.975079, 0.005727
0.005616, 0.033697, 0.974906, 0.005767
0.005655, 0.033931, 0.974732, 0.005806
0.005694, 0.034166, 0.974556, 0.005845
0.005734, 0.034403, 0.974380, 0.005885
0.005774, 0.034641, 0.974202, 0.005925
0.005813, 0.034881, 0.974024, 0.005965
0.005854, 0.035122, 0.973844, 0.006006
0.005894, 0.035364, 0.973664, 0.006047
0.005935, 0.035608, 0.973482, 0.006088
0.005976, 0.035853, 0.973299, 0.006129
0.006017, 0.036100, 0.973115, 0.006170
0.006058, 0.036349, 0.972930, 0.006212
0.006100, 0.036599, 0.972744, 0.006254
0.006142, 0.036850, 0.972556, 0.006296
0.006184, 0.037103, 0.972368, 0.006338
0.006226, 0.037357, 0.972178, 0.006381
0.006269, 0.037613, 0.971988, 0.006424
0.006312, 0.037871, 0.971796, 0.006467
0.006355, 0.038130, 0.971603, 0.006510
0.006398, 0.038390, 0.971409, 0.006554
0.006442, 0.038652, 0.971213, 0.006598
0.006486, 0.038916, 0.971017, 0.006642
0.006530, 0.039181, 0.970819, 0.006686
0.006575, 0.039447, 0.970620, 0.006731
0.006619, 0.039716, 0.970420, 0.006776
0.006664, 0.039985, 0.970219, 0.006821
0.006709, 0.040257, 0.970017, 0.006866
0.006755, 0.040530, 0.969814, 0.006912
0.006801, 0.040804, 0.969609, 0.006957
0.006847, 0.041081, 0.969403, 0.007003
0.006893, 0.041358, 0.969196, 0.007050
0.006940, 0.041638, 0.968988, 0.007096
0.006986, 0.041919, 0.968778, 0.007143
0.007034, 0.042201, 0.968568, 0.007190
0.007081, 0.042485, 0.968356, 0.007238
0.007129, 0.042771, 0.968143, 0.007285
0.007176, 0.043059, 0.967929, 0.007333
0.007225, 0.043348, 0.967713, 0.007381
0.007273, 0.043638, 0.967497, 0.007430
0.007322, 0.043931, 0.967279, 0.007478
0.007371, 0.044225, 0.967059, 0.007527
0.007420, 0.044520, 0.966839, 0.007576
0.007470, 0.044818, 0.966617, 0.007626
0.007519, 0.045117, 0.966395, 0.007676
0.007570, 0.045417, 0.966170, 0.007726
0.007620, 0.045720, 0.965945, 0.007776
0.007671, 0.046024, 0.965718, 0.007826
0.007722, 0.046329, 0.965490, 0.007877
0.007773, 0.046637, 0.965261, 0.007928
0.007824, 0.046946, 0.965031, 0.007979
0.007876, 0.047256, 0.964799, 0.008031
0.007928, 0.047569, 0.964566, 0.008083
0.007981, 0.047883, 0.964332, 0.008135
0.008033, 0.048199, 0.964096, 0.008187
0.008086, 0.048517, 0.963860, 0.008240
0.008139, 0.048836, 0.963622, 0.008292
0.008193, 0.049157, 0.963382, 0.008345
0.008247, 0.049480, 0.963141, 0.008399
0.008301, 0.049804, 0.962900, 0.008453
0.008355, 0.050130, 0.962656, 0.008506
0.008410, 0.050458, 0.962412, 0.008561
0.008465, 0.050788, 0.962166, 0.008615
0.008520, 0.051120, 0.961919, 0.008670
0.008575, 0.051453, 0.961670, 0.008725
0.008631, 0.051788, 0.961420, 0.008780
0.008687, 0.052125, 0.961169, 0.008836
0.008744, 0.052463, 0.960917, 0.008892
0.008801, 0.052803, 0.960663, 0.008948
0.008858, 0.053145, 0.960408, 0.009004
0.008915, 0.053489, 0.960151, 0.009061
0.008972, 0.053835, 0.959894, 0.009117
0.009030, 0.054182, 0.959635, 0.009175
0.009089, 0.054532, 0.959374, 0.009232
0.009147, 0.054882, 0.959112, 0.009290
0.009206, 0.055235, 0.958849, 0.009348
0.009265, 0.055590, 0.958585, 0.009406
0.009324, 0.055946, 0.958319, 0.009465
0.009384, 0.056304, 0.958052, 0.009523
0.009444, 0.056664, 0.957784, 0.009582
0.009504, 0.057026, 0.957514, 0.009642
0.009565, 0.057390, 0.957242, 0.009701
0.009626, 0.057755, 0.956970, 0.009761
0.009687, 0.058122, 0.956696, 0.009822
0.009749, 0.058491, 0.956421, 0.009882
0.009810, 0.058862, 0.956144, 0.009943
0.009872, 0.059235, 0.955866, 0.010004
0.009935, 0.059609, 0.955587, 0.010065
0.009998, 0.059986, 0.955306, 0.010126
0.010061, 0.060364, 0.955024, 0.010188
0.010124, 0.060744, 0.954741, 0.010250
0.010188, 0.061125, 0.954456, 0.010313
0.010252, 0.061509, 0.954170, 0.010375
0.010316, 0.061894, 0.953882, 0.010438
0.010380, 0.062282, 0.953593, 0.010501
0.010445, 0.062671, 0.953303, 0.010565
0.010510, 0.063062, 0.953011, 0.010629
0.010576, 0.063455, 0.952718, 0.010693
0.010642, 0.063849, 0.952424, 0.010757
0.010708, 0.064246, 0.952128, 0.010821
0.010774, 0.064644, 0.951831, 0.010886
0.010841, 0.065044, 0.951532, 0.010951
0.010908, 0.065446, 0.951232, 0.011017
0.010975, 0.065850, 0.950931, 0.011082
0.011043, 0.066256, 0.950628, 0.011148
0.011111, 0.066663, 0.950324, 0.011214
0.011179, 0.067073, 0.950018, 0.011281
0.011247, 0.067484, 0.949712, 0.011347
0.011316, 0.067897, 0.949403, 0.011414
0.011385, 0.068312, 0.949094, 0.011482
0.011455, 0.068729, 0.948783, 0.011549
0.011525, 0.069147, 0.948470, 0.011617
0.011595, 0.069568, 0.948157, 0.011685
0.011665, 0.069990, 0.947841, 0.011753
0.011736, 0.070414, 0.947525, 0.011822
0.011807, 0.070840, 0.947207, 0.011890
0.011878, 0.071268, 0.946888, 0.011960
0.011950, 0.071697, 0.946567, 0.012029
0.012021, 0.072129, 0.946245, 0.012099
0.012094, 0.072562, 0.945922, 0.012168
0.012166, 0.072997, 0.945597, 0.012239
0.012239, 0.073434, 0.945271, 0.012309
0.012312, 0.073873, 0.944943, 0.012380
0.012386, 0.074314, 0.944614, 0.012450
0.012459, 0.074756, 0.944284, 0.012522
0.012533, 0.075200, 0.943953, 0.012593
0.012608, 0.075646, 0.943620, 0.012665
0.012682, 0.076094, 0.943285, 0.012737
0.012757, 0.076544, 0.942949, 0.012809
0.012833, 0.076996, 0.942612, 0.012881
0.012908, 0.077449, 0.942274, 0.012954
0.012984, 0.077904, 0.941934, 0.013027
0.013060, 0.078361, 0.941593, 0.013100
0.013137, 0.078820, 0.941251, 0.013174
0.013213, 0.079280, 0.940907, 0.013247
0.013290, 0.079742, 0.940562, 0.013321
0.013368, 0.080207, 0.940215, 0.013395
0.013445, 0.080672, 0.939867, 0.013470
0.013523, 0.081140, 0.939518, 0.013544
0.013602, 0.081610, 0.939167, 0.013619
0.013680, 0.082081, 0.938816, 0.013695
0.013759, 0.082554, 0.938462, 0.013770
0.013838, 0.083029, 0.938108, 0.013846
0.013918, 0.083505, 0.937752, 0.013921
0.013997, 0.083983, 0.937395, 0.013998
0.014077, 0.084463, 0.937036, 0.014074
0.014158, 0.084945, 0.936677, 0.014150
0.014238, 0.085428, 0.936316, 0.014227
0.014319, 0.085914, 0.935953, 0.014304
0.014400, 0.086401, 0.935590, 0.014382
0.014482, 0.086889, 0.935225, 0.014459
0.014563, 0.087380, 0.934858, 0.014537
0.014645, 0.087872, 0.934491, 0.014615
0.014728, 0.088365, 0.934122, 0.014693
0.014810, 0.088861, 0.933752, 0.014771
0.014893, 0.089358, 0.933381, 0.014850
0.014976, 0.089857, 0.933008, 0.014929
0.015060, 0.090357, 0.932634, 0.015008
0.015143, 0.090860, 0.932259, 0.015087
0.015227, 0.091363, 0.931883, 0.015167
0.015311, 0.091869, 0.931505, 0.015246
0.015396, 0.092376, 0.931126, 0.015326
0.015481, 0.092885, 0.930746, 0.015406
0.015566, 0.093395, 0.930365, 0.015487
0.015651, 0.093907, 0.929982, 0.015567
0.015737, 0.094421, 0.929599, 0.015648
0.015823, 0.094936, 0.929214, 0.015729
0.015909, 0.095453, 0.928827, 0.015810
0.015995, 0.095971, 0.928440, 0.015891
0.016082, 0.096491, 0.928052, 0.015973
0.016169, 0.097013, 0.927662, 0.016055
0.016256, 0.097536, 0.927271, 0.016137
0.016343, 0.098060, 0.926879, 0.016219
0.016431, 0.098586, 0.926486, 0.016301
0.016519, 0.099114, 0.926091, 0.016384
0.016607, 0.099643, 0.925696, 0.016466
0.016696, 0.100174, 0.925299, 0.016549
0.016784, 0.100706, 0.924902, 0.016632
0.016873, 0.101240, 0.924503, 0.016715
0.016963, 0.101775, 0.924103, 0.016799
0.017052, 0.102312, 0.923701, 0.016882
0.017142, 0.102850, 0.923299, 0.016966
0.017232, 0.103390, 0.922896, 0.017050
0.017322, 0.103931, 0.922492, 0.017134
0.017412, 0.104473, 0.922086, 0.017218
0.017503, 0.105017, 0.921680, 0.017303
0.017594, 0.105562, 0.921272, 0.017387
0.017685, 0.106109, 0.920863, 0.017472
0.017776, 0.106657, 0.920454, 0.017557
0.017868, 0.107206, 0.920043, 0.017642
0.017959, 0.107757, 0.919631, 0.017727
0.018051, 0.108309, 0.919218, 0.017813
0.018144, 0.108862, 0.918805, 0.017898
0.018236, 0.109417, 0.918390, 0.017984
0.018329, 0.109973, 0.917974, 0.018069
0.018422, 0.110530, 0.917558, 0.018155
0.018515, 0.111089, 0.917140, 0.018241
0.018608, 0.111648, 0.916721, 0.018328
0.018702, 0.112210, 0.916302, 0.018414
0.018795, 0.112772, 0.915881, 0.018500
0.018889, 0.113335, 0.915460, 0.018587
0.018983, 0.113900, 0.915038, 0.018674
0.019078, 0.114466, 0.914614, 0.018760
0.019172, 0.115033, 0.914190, 0.018847
0.019267, 0.115601, 0.913765, 0.018934
0.019362, 0.116171, 0.913339, 0.019022
0.019457, 0.116741, 0.912913, 0.019109
0.019552, 0.117313, 0.912485, 0.019196
0.019648, 0.117886, 0.912057, 0.019284
0.019743, 0.118459, 0.911627, 0.019371
0.019839, 0.119034, 0.911197, 0.019459
0.019935, 0.119610, 0.910766, 0.019547
0.020031, 0.120187, 0.910335, 0.019635
0.020128, 0.120765, 0.909902, 0.019723
0.020224, 0.121344, 0.909469, 0.019811
0.020321, 0.121924, 0.909035, 0.019899
0.020418, 0.122505, 0.908600, 0.019987
0.020515, 0.123087, 0.908165, 0.020075
0.020612, 0.123670, 0.907729, 0.020164
0.020709, 0.124254, 0.907292, 0.020252
0.020806, 0.124839, 0.906854, 0.020341
0.020904, 0.125424, 0.906416, 0.020429
0.021002, 0.126011, 0.905977, 0.020518
0.021100, 0.126598, 0.905537, 0.020607
0.021198, 0.127187, 0.905097, 0.020696
0.021296, 0.127776, 0.904656, 0.020785
0.021394, 0.128366, 0.904215, 0.020873
0.021493, 0.128956, 0.903773, 0.020962
0.021591, 0.129548, 0.903330, 0.021051
0.021690, 0.130140, 0.902887, 0.021141
0.021789, 0.130733, 0.902443, 0.021230
0.021888, 0.131327, 0.901998, 0.021319
0.021987, 0.131921, 0.901553, 0.021408
0.022086, 0.132516, 0.901108, 0.021497
0.022185, 0.133112, 0.900662, 0.021586
0.022285, 0.133708, 0.900215, 0.021676
0.022384, 0.134305, 0.899769, 0.021765
0.022484, 0.134903, 0.899321, 0.021854
0.022583, 0.135501, 0.898873, 0.021944
0.022683, 0.136100, 0.898425, 0.022033
0.022783, 0.136699, 0.897976, 0.022122
0.022883, 0.137299, 0.897527, 0.022212
0.022983, 0.137899, 0.897077, 0.022301
0.023083, 0.138500, 0.896627, 0.022390
0.023184, 0.139102, 0.896177, 0.022480
0.023284, 0.139703, 0.895726, 0.022569
0.023384, 0.140306, 0.895275, 0.022659
0.023485, 0.140908, 0.894824, 0.022748
0.023585, 0.141512, 0.894372, 0.022837
0.023686, 0.142115, 0.893920, 0.022927
0.023786, 0.142719, 0.893467, 0.023016
0.023887, 0.143323, 0.893015, 0.023105
0.023988, 0.143928, 0.892562, 0.023195
0.024089, 0.144532, 0.892109, 0.023284
0.024190, 0.145138, 0.891655, 0.023373
0.024290, 0.145743, 0.891202, 0.023462
0.024391, 0.146349, 0.890748, 0.023551
0.024492, 0.146954, 0.890294, 0.023640
0.024593, 0.147561, 0.889840, 0.023730
0.024694, 0.148167, 0.889386, 0.023819
0.024796, 0.148773, 0.888931, 0.023908
0.024897, 0.149380, 0.888477, 0.023996
0.024998, 0.149986, 0.888022, 0.024085
0.025099, 0.150593, 0.887567, 0.024174
0.025200, 0.151200, 0.887113, 0.024263
0.025301, 0.151807, 0.886658, 0.024352
0.025402, 0.152414, 0.886203, 0.024440
0.025504, 0.153021, 0.885748, 0.024529
0.025605, 0.153628, 0.885293, 0.024617
0.025706, 0.154235, 0.884838, 0.024706
0.025807, 0.154842, 0.884383, 0.024794
0.025908, 0.155449, 0.883928, 0.024882
0.026009, 0.156056, 0.883473, 0.024970
0.026110, 0.156663, 0.883018, 0.025058
0.026212, 0.157269, 0.882563, 0.025146
0.026313, 0.157876, 0.882109, 0.025234
0.026414, 0.158482, 0.881654, 0.025322
0.026515, 0.159088, 0.881199, 0.025410
0.026616, 0.159694, 0.880745, 0.025497
0.026717, 0.160300, 0.880291, 0.025585
0.026818, 0.160905, 0.879837, 0.025672
0.026918, 0.161511, 0.879383, 0.025759
0.027019, 0.162116, 0.878929, 0.025846
0.027120, 0.162720, 0.878476, 0.025933
0.027221, 0.163325, 0.878022, 0.026020
0.027321, 0.163929, 0.877569, 0.026107
0.027422, 0.164532, 0.877117, 0.026194
0.027523, 0.165136, 0.876664, 0.026280
0.027623, 0.165739, 0.876212, 0.026367
0.027723, 0.166341, 0.875760, 0.026453
0.027824, 0.166943, 0.875308, 0.026539
0.027924, 0.167545, 0.874857, 0.026625
0.028024, 0.168146, 0.874406, 0.026711
0.028124, 0.168746, 0.873956, 0.026796
0.028224, 0.169346, 0.873505, 0.026882
0.028324, 0.169946, 0.873055, 0.026967
0.028424, 0.170545, 0.872606, 0.027053
0.028524, 0.171143, 0.872157, 0.027138
0.028623, 0.171741, 0.871708, 0.027223
0.028723, 0.172338, 0.871260, 0.027307
0.028822, 0.172934, 0.870813, 0.027392
0.028922, 0.173530, 0.870366, 0.027476
0.029021, 0.174125, 0.869919, 0.027561
0.029120, 0.174720, 0.869473, 0.027645
0.029219, 0.175314, 0.869027, 0.027729
0.029318, 0.175907, 0.868582, 0.027812
0.029417, 0.176499, 0.868137, 0.027896
0.029515, 0.177091, 0.867693, 0.027979
0.029614, 0.177681, 0.867250, 0.028063
0.029712, 0.178271, 0.866807, 0.028146
0.029810, 0.178860, 0.866365, 0.028228
0.029908, 0.179448, 0.865923, 0.028311
0.030006, 0.180036, 0.865482, 0.028393
0.030104, 0.180622, 0.865042, 0.028476
0.030201, 0.181208, 0.864602, 0.028558
0.030299, 0.181793, 0.864163, 0.028640
0.030396, 0.182376, 0.863724, 0.028721
0.030493, 0.182959, 0.863287, 0.028803
0.030590, 0.183541, 0.862850, 0.028884
0.030687, 0.184122, 0.862414, 0.028965
0.030784, 0.184701, 0.861978, 0.029046
0.030880, 0.185280, 0.861544, 0.029126
0.030976, 0.185858, 0.861110, 0.029207
0.031072, 0.186435, 0.860676, 0.029287
0.031168, 0.187010, 0.860244, 0.029367
0.031264, 0.187585, 0.859813, 0.029446
0.031360, 0.188158, 0.859382, 0.029526
0.031455, 0.188730, 0.858952, 0.029605
0.031550, 0.189301, 0.858523, 0.029684
0.031645, 0.189871, 0.858095, 0.029763
0.031740, 0.190440, 0.857667, 0.029842
0.031835, 0.191007, 0.857241, 0.029920
0.031929, 0.191574, 0.856815, 0.029998
0.032023, 0.192139, 0.856391, 0.030076
0.032117, 0.192703, 0.855967, 0.030154
0.032211, 0.193265, 0.855544, 0.030231
0.032304, 0.193827, 0.855122, 0.030308
0.032398, 0.194387, 0.854701, 0.030385
0.032491, 0.194945, 0.854281, 0.030462
0.032584, 0.195503, 0.853862, 0.030538
0.032676, 0.196059, 0.853444, 0.030614
0.032769, 0.196614, 0.853027, 0.030690
0.032861, 0.197167, 0.852611, 0.030766
0.032953, 0.197719, 0.852196, 0.030841
0.033045, 0.198270, 0.851783, 0.030916
0.033136, 0.198819, 0.851370, 0.030991
0.033228, 0.199367, 0.850958, 0.031066
0.033319, 0.199913, 0.850547, 0.031140
0.033410, 0.200458, 0.850137, 0.031215
0.033500, 0.201001, 0.849729, 0.031288
0.033590, 0.201543, 0.849321, 0.031362
0.033681, 0.202083, 0.848915, 0.031435
0.033770, 0.202622, 0.848510, 0.031508
0.033860, 0.203160, 0.848105, 0.031581
0.033949, 0.203696, 0.847702, 0.031654
0.034038, 0.204230, 0.847300, 0.031726
0.034127, 0.204763, 0.846900, 0.031798
0.034216, 0.205294, 0.846500, 0.031870
0.034304, 0.205824, 0.846102, 0.031941
0.034392, 0.206352, 0.845705, 0.032012
0.034480, 0.206878, 0.845309, 0.032083
0.034567, 0.207403, 0.844914, 0.032154
0.034654, 0.207926, 0.844520, 0.032224
0.034741, 0.208448, 0.844128, 0.032294
0.034828, 0.208968, 0.843737, 0.032364
0.034914, 0.209486, 0.843347, 0.032433
0.035000, 0.210002, 0.842958, 0.032503
0.035086, 0.210517, 0.842570, 0.032572
0.035172, 0.211030, 0.842184, 0.032640
0.035257, 0.211542, 0.841799, 0.032709
0.035342, 0.212052, 0.841416, 0.032777
0.035427, 0.212560, 0.841033, 0.032844
0.035511, 0.213066, 0.840652, 0.032912
0.035595, 0.213571, 0.840272, 0.032979
0.035679, 0.214074, 0.839894, 0.033046
0.035762, 0.214575, 0.839517, 0.033113
0.035846, 0.215074, 0.839141, 0.033179
0.035929, 0.215572, 0.838766, 0.033245
0.036011, 0.216067, 0.838393, 0.033311
0.036094, 0.216561, 0.838021, 0.033376
0.036176, 0.217054, 0.837651, 0.033441
0.036257, 0.217544, 0.837281, 0.033506
0.036339, 0.218032, 0.836914, 0.033571
0.036420, 0.218519, 0.836547, 0.033635
0.036501, 0.219004, 0.836182, 0.033699
0.036581, 0.219487, 0.835818, 0.033763
0.036661, 0.219968, 0.835456, 0.033826
0.036741, 0.220448, 0.835095, 0.033889
0.036821, 0.220925, 0.834735, 0.033952
0.036900, 0.221401, 0.834377, 0.034015
0.036979, 0.221875, 0.834020, 0.034077
0.037058, 0.222346, 0.833665, 0.034139
0.037136, 0.222816, 0.833311, 0.034201
0.037214, 0.223285, 0.832958, 0.034262
0.037292, 0.223751, 0.832607, 0.034323
0.037369, 0.224215, 0.832257, 0.034384
0.037446, 0.224677, 0.831909, 0.034444
0.037523, 0.225138, 0.831562, 0.034504
0.037599, 0.225596, 0.831217, 0.034564
0.037676, 0.226053, 0.830873, 0.034624
0.037751, 0.226508, 0.830530, 0.034683
0.037827, 0.226961, 0.830189, 0.034742
0.037902, 0.227411, 0.829849, 0.034801
0.037977, 0.227860, 0.829511, 0.034859
0.038051, 0.228307, 0.829174, 0.034917
0.038125, 0.228752, 0.828839, 0.034975
0.038199, 0.229195, 0.828505, 0.035032
0.038273, 0.229636, 0.828172, 0.035090
0.038346, 0.230076, 0.827841, 0.035147
0.038419, 0.230513, 0.827512, 0.035203
0.038491, 0.230948, 0.827184, 0.035259
0.038564, 0.231381, 0.826857, 0.035315
0.038635, 0.231812, 0.826532, 0.035371
0.038707, 0.232242, 0.826209, 0.035426
0.038778, 0.232669, 0.825887, 0.035482
0.038849, 0.233094, 0.825566, 0.035536
0.038920, 0.233518, 0.825247, 0.035591
0.038990, 0.233939, 0.824929, 0.035645
0.039060, 0.234358, 0.824613, 0.035699
0.039129, 0.234776, 0.824298, 0.035753
0.039199, 0.235191, 0.823985, 0.035806
0.039267, 0.235605, 0.823673, 0.035859
0.039336, 0.236016, 0.823363, 0.035912
0.039404, 0.236426, 0.823054, 0.035964
0.039472, 0.236833, 0.822747, 0.036016
0.039540, 0.237238, 0.822441, 0.036068
0.039607, 0.237642, 0.822137, 0.036120
0.039674, 0.238043, 0.821834, 0.036171
0.039740, 0.238443, 0.821533, 0.036222
0.039807, 0.238840, 0.821233, 0.036273
0.039873, 0.239236, 0.820935, 0.036323
0.039938, 0.239629, 0.820638, 0.036373
0.040003, 0.240021, 0.820343, 0.036423
0.040068, 0.240410, 0.820049, 0.036473
0.040133, 0.240798, 0.819756, 0.036522
0.040197, 0.241183, 0.819466, 0.036571
0.040261, 0.241567, 0.819176, 0.036620
0.040325, 0.241949, 0.818888, 0.036668
0.040388, 0.242328, 0.818602, 0.036716
0.040451, 0.242706, 0.818317, 0.036764
0.040514, 0.243081, 0.818034, 0.036812
0.040576, 0.243455, 0.817752, 0.036859
0.040638, 0.243827, 0.817471, 0.036906
0.040699, 0.244196, 0.817192, 0.036952
0.040761, 0.244564, 0.816915, 0.036999
0.040822, 0.244930, 0.816639, 0.037045
0.040882, 0.245293, 0.816364, 0.037091
0.040943, 0.245655, 0.816091, 0.037136
0.041002, 0.246015, 0.815820, 0.037182
0.041062, 0.246373, 0.815550, 0.037227
0.041121, 0.246729, 0.815281, 0.037272
0.041180, 0.247083, 0.815014, 0.037316
0.041239, 0.247434, 0.814748, 0.037360
0.041297, 0.247784, 0.814484, 0.037404
0.041355, 0.248132, 0.814222, 0.037448
0.041413, 0.248479, 0.813960, 0.037491
0.041470, 0.248823, 0.813700, 0.037534
0.041527, 0.249165, 0.813442, 0.037577
0.041584, 0.249505, 0.813185, 0.037620
0.041641, 0.249843, 0.812930, 0.037662
0.041697, 0.250180, 0.812676, 0.037704
0.041752, 0.250514, 0.812423, 0.037746
0.041808, 0.250847, 0.812172, 0.037787
0.041863, 0.251177, 0.811923, 0.037828
0.041918, 0.251506, 0.811674, 0.037869
0.041972, 0.251833, 0.811428, 0.037910
0.042026, 0.252158, 0.811182, 0.037951
0.042080, 0.252481, 0.810938, 0.037991
0.042134, 0.252802, 0.810696, 0.038031
0.042187, 0.253121, 0.810455, 0.038070
0.042240, 0.253438, 0.810215, 0.038110
0.042292, 0.253754, 0.809977, 0.038149
0.042345, 0.254067, 0.809740, 0.038188
0.042397, 0.254379, 0.809505, 0.038226
0.042448, 0.254689, 0.809271, 0.038265
0.042499, 0.254997, 0.809038, 0.038303
0.042550, 0.255303, 0.808807, 0.038341
0.042601, 0.255607, 0.808577, 0.038378
0.042652, 0.255909, 0.808349, 0.038416
0.042702, 0.256210, 0.808122, 0.038453
0.042751, 0.256509, 0.807896, 0.038490
0.042801, 0.256805, 0.807672, 0.038526
0.042850, 0.257101, 0.807449, 0.038563
0.042899, 0.257394, 0.807227, 0.038599
0.042948, 0.257685, 0.807007, 0.038635
0.042996, 0.257975, 0.806789, 0.038670
0.043044, 0.258262, 0.806571, 0.038706
0.043091, 0.258548, 0.806355, 0.038741
0.043139, 0.258833, 0.806140, 0.038776
0.043186, 0.259115, 0.805927, 0.038811
0.043233, 0.259396, 0.805715, 0.038845
0.043279, 0.259674, 0.805504, 0.038879
0.043325, 0.259951, 0.805295, 0.038913
0.043371, 0.260227, 0.805087, 0.038947
0.043417, 0.260500, 0.804880, 0.038981
0.043462, 0.260772, 0.804675, 0.039014
0.043507, 0.261042, 0.804470, 0.039047
0.043552, 0.261311, 0.804268, 0.039080
0.043596, 0.261577, 0.804066, 0.039112
0.043640, 0.261842, 0.803866, 0.039145
0.043684, 0.262105, 0.803667, 0.039177
0.043728, 0.262367, 0.803469, 0.039209
0.043771, 0.262626, 0.803273, 0.039240
0.043814, 0.262884, 0.803078, 0.039272
0.043857, 0.263141, 0.802884, 0.039303
0.043899, 0.263395, 0.802692, 0.039334
0.043941, 0.263648, 0.802500, 0.039365
0.043983, 0.263900, 0.802310, 0.039396
0.044025, 0.264149, 0.802122, 0.039426
0.044066, 0.264397, 0.801934, 0.039456
0.044107, 0.264644, 0.801748, 0.039486
0.044148, 0.264888, 0.801563, 0.039516
0.044189, 0.265131, 0.801379, 0.039545
0.044229, 0.265373, 0.801197, 0.039575
0.044269, 0.265613, 0.801015, 0.039604
0.044308, 0.265851, 0.800835, 0.039633
0.044348, 0.266088, 0.800656, 0.039661
0.044387, 0.266323, 0.800479, 0.039690
0.044426, 0.266556, 0.800302, 0.039718
0.044465, 0.266788, 0.800127, 0.039746
0.044503, 0.267018, 0.799953, 0.039774
0.044541, 0.267247, 0.799780, 0.039802
0.044579, 0.267474, 0.799608, 0.039829
0.044617, 0.267699, 0.799437, 0.039856
0.044654, 0.267923, 0.799268, 0.039883
0.044691, 0.268146, 0.799100, 0.039910
0.044728, 0.268367, 0.798933, 0.039937
0.044764, 0.268586, 0.798767, 0.039963
0.044801, 0.268804, 0.798602, 0.039989
0.044837, 0.269020, 0.798438, 0.040016
0.044873, 0.269235, 0.798276, 0.040041
0.044908, 0.269449, 0.798114, 0.040067
0.044943, 0.269661, 0.797954, 0.040093
0.044979, 0.269871, 0.797795, 0.040118
0.045013, 0.270080, 0.797637, 0.040143
0.045048, 0.270287, 0.797480, 0.040168
0.045082, 0.270493, 0.797324, 0.040193
0.045116, 0.270698, 0.797169, 0.040217
0.045150, 0.270901, 0.797016, 0.040242
0.045184, 0.271103, 0.796863, 0.040266
0.045217, 0.271303, 0.796712, 0.040290
0.045250, 0.271502, 0.796561, 0.040314
0.045283, 0.271699, 0.796412, 0.040337
0.045316, 0.271895, 0.796264, 0.040361
0.045348, 0.272090, 0.796116, 0.040384
0.045380, 0.272283, 0.795970, 0.040407
0.045412, 0.272475, 0.795825, 0.040430
0.045444, 0.272665, 0.795681, 0.040453
0.045476, 0.272854, 0.795538, 0.040476
0.045507, 0.273042, 0.795396, 0.040498
0.045538, 0.273228, 0.795255, 0.040520
0.045569, 0.273413, 0.795115, 0.040542
0.045599, 0.273597, 0.794976, 0.040564
0.045630, 0.273779, 0.794838, 0.040586
0.045660, 0.273960, 0.794701, 0.040608
0.045690, 0.274140, 0.794565, 0.040629
0.045720, 0.274318, 0.794430, 0.040650
0.045749, 0.274495, 0.794296, 0.040671
0.045779, 0.274671, 0.794163, 0.040692
0.045808, 0.274846, 0.794031, 0.040713
0.045836, 0.275019, 0.793900, 0.040734
0.045865, 0.275191, 0.793770, 0.040754
0.045894, 0.275361, 0.793641, 0.040774
0.045922, 0.275531, 0.793512, 0.040795
0.045950, 0.275699, 0.793385, 0.040815
0.045978, 0.275866, 0.793259, 0.040834
0.046005, 0.276031, 0.793133, 0.040854
0.046033, 0.276196, 0.793009, 0.040874
0.046060, 0.276359, 0.792885, 0.040893
0.046087, 0.276521, 0.792763, 0.040912
0.046114, 0.276682, 0.792641, 0.040931
0.046140, 0.276841, 0.792520, 0.040950
0.046167, 0.277000, 0.792400, 0.040969
0.046193, 0.277157, 0.792281, 0.040988
0.046219, 0.277313, 0.792163, 0.041006
0.046245, 0.277468, 0.792046, 0.041024
0.046270, 0.277622, 0.791930, 0.041043
0.046296, 0.277774, 0.791814, 0.041061
0.046321, 0.277926, 0.791700, 0.041079
0.046346, 0.278076, 0.791586, 0.041096
0.046371, 0.278225, 0.791473, 0.041114
0.046395, 0.278373, 0.791361, 0.041131
0.046420, 0.278520, 0.791250, 0.041149
0.046444, 0.278665, 0.791139, 0.041166
0.046468, 0.278810, 0.791030, 0.041183
0.046492, 0.278954, 0.790921, 0.041200
0.046516, 0.279096, 0.790813, 0.041217
0.046540, 0.279237, 0.790706, 0.041234
0.046563, 0.279378, 0.790600, 0.041250
0.046586, 0.279517, 0.790495, 0.041267
0.046609, 0.279655, 0.790390, 0.041283
0.046632, 0.279792, 0.790286, 0.041299
0.046655, 0.279928, 0.790183, 0.041315
0.046677, 0.280063, 0.790081, 0.041331
0.046700, 0.280197, 0.789980, 0.041347
0.046722, 0.280330, 0.789879, 0.041362
0.046744, 0.280462, 0.789779, 0.041378
0.046765, 0.280593, 0.789680, 0.041393
0.046787, 0.280723, 0.789582, 0.041409
0.046809, 0.280852, 0.789484, 0.041424
0.046830, 0.280979, 0.789387, 0.041439
0.046851, 0.281106, 0.789291, 0.041454
0.046872, 0.281232, 0.789196, 0.041468
0.046893, 0.281357, 0.789101, 0.041483
0.046913, 0.281481, 0.789007, 0.041498
0.046934, 0.281604, 0.788914, 0.041512
0.046954, 0.281726, 0.788822, 0.041526
0.046974, 0.281847, 0.788730, 0.041541
0.046995, 0.281967, 0.788639, 0.041555
0.047014, 0.282086, 0.788549, 0.041569
0.047034, 0.282204, 0.788459, 0.041582
0.047054, 0.282322, 0.788370, 0.041596
0.047073, 0.282438, 0.788282, 0.041610
0.047092, 0.282554, 0.788195, 0.041623
0.047111, 0.282668, 0.788108, 0.041637
0.047130, 0.282782, 0.788022, 0.041650
0.047149, 0.282895, 0.787937, 0.041663
0.047168, 0.283007, 0.787852, 0.041676
0.047186, 0.283117, 0.787768, 0.041689
0.047205, 0.283228, 0.787684, 0.041702
0.047223, 0.283337, 0.787602, 0.041715
0.047241, 0.283445, 0.787519, 0.041728
0.047259, 0.283553, 0.787438, 0.041740
0.047277, 0.283659, 0.787357, 0.041753
0.047294, 0.283765, 0.787277, 0.041765
0.047312, 0.283870, 0.787198, 0.041777
0.047329, 0.283974, 0.787119, 0.041790
0.047346, 0.284078, 0.787040, 0.041802
0.047363, 0.284180, 0.786963, 0.041814
0.047380, 0.284282, 0.786886, 0.041826
0.047397, 0.284383, 0.786809, 0.041837
0.047414, 0.284483, 0.786733, 0.041849
0.047430, 0.284582, 0.786658, 0.041861
0.047447, 0.284681, 0.786584, 0.041872
0.047463, 0.284778, 0.786510, 0.041883
0.047479, 0.284875, 0.786436, 0.041895
0.047495, 0.284971, 0.786363, 0.041906
0.047511, 0.285067, 0.786291, 0.041917
0.047527, 0.285161, 0.786220, 0.041928
0.047543, 0.285255, 0.786148, 0.041939
0.047558, 0.285348, 0.786078, 0.041950
0.047573, 0.285440, 0.786008, 0.041961
0.047589, 0.285532, 0.785939, 0.041971
0.047604, 0.285623, 0.785870, 0.041982
0.047619, 0.285713, 0.785801, 0.041992
0.047634, 0.285802, 0.785734, 0.042003
0.047648, 0.285891, 0.785667, 0.042013
0.047663, 0.285979, 0.785600, 0.042023
0.047678, 0.286066, 0.785534, 0.042033
0.047692, 0.286153, 0.785468, 0.042043
0.047706, 0.286238, 0.785403, 0.042053
0.047721, 0.286324, 0.785339, 0.042063
0.047735, 0.286408, 0.785275, 0.042073
0.047749, 0.286492, 0.785211, 0.042083
0.047762, 0.286575, 0.785148, 0.042093
0.047776, 0.286657, 0.785086, 0.042102
0.047790, 0.286739, 0.785024, 0.042112
0.047803, 0.286820, 0.784963, 0.042121
0.047817, 0.286900, 0.784902, 0.042130
0.047830, 0.286980, 0.784841, 0.042140
0.047843, 0.287059, 0.784781, 0.042149
0.047856, 0.287138, 0.784722, 0.042158
0.047869, 0.287215, 0.784663, 0.042167
0.047882, 0.287292, 0.784605, 0.042176
